0.8029788180442362	Ivysaur	Grass	Poison	405	60	62	63	80	80	60
0.45577774620992295	Venusaur	Grass	Poison	525	80	82	83	100	100	80
0.6873204834629097	VenusaurMega Venusaur	Grass	Poison	625	80	100	123	122	120	80
0.22326742616044826	Charmeleon	Fire		405	58	64	58	80	65	80
0.7751150835314968	Charizard	Fire	Flying	534	78	84	78	109	85	100
0.029570424791484085	CharizardMega Charizard X	Fire	Dragon	634	78	130	111	130	85	100
0.16674570020046886	CharizardMega Charizard Y	Fire	Flying	634	78	104	78	159	115	100
0.5078796489853197	Squirtle	Water		314	44	48	65	50	64	43
0.5930713065652979	Wartortle	Water		405	59	63	80	65	80	58
0.3708563547954795	Blastoise	Water		530	79	83	100	85	105	78
0.6820599956690634	BlastoiseMega Blastoise	Water		630	79	103	120	135	115	78
0.2987405112326449	Pidgeot	Normal	Flying	479	83	80	75	70	70	101
0.38065570005196037	PidgeotMega Pidgeot	Normal	Flying	579	83	80	80	135	80	121
0.9933761337937203	Raticate	Normal		413	55	81	60	50	70	97
0.7581482413970135	Fearow	Normal	Flying	442	65	90	65	61	61	100
0.9075955794792457	Arbok	Poison		438	60	85	69	65	79	80
0.36057326680387736	Sandshrew	Ground		300	50	75	85	20	30	40
0.9376555828860966	Sandslash	Ground		450	75	100	110	45	55	65
0.316143778660839	Nidorina	Poison		365	70	62	67	55	55	56
0.583934774069327	Nidoqueen	Poison	Ground	505	90	92	87	75	85	76
0.07679303534591364	Nidorino	Poison		365	61	72	57	55	55	65
0.8170864374921765	Nidoking	Poison	Ground	505	81	102	77	85	75	85
0.41609599605586245	Clefable	Fairy		483	95	70	73	95	90	60
0.16160813719713873	Ninetales	Fire		505	73	76	75	81	100	100
0.5627665259537564	Golbat	Poison	Flying	455	75	80	70	65	75	90
0.5577908780871489	Gloom	Grass	Poison	395	60	65	70	85	75	40
0.9333585403620807	Vileplume	Grass	Poison	490	75	80	85	110	90	50
0.07081021299124035	Parasect	Bug	Grass	405	60	95	80	60	80	30
0.21761314046303548	Venomoth	Bug	Poison	450	70	65	60	90	75	90
0.8700200980714375	Persian	Normal		440	65	70	60	65	65	115
0.7730987208018648	Golduck	Water		500	80	82	78	95	80	85
0.4431250893833145	Primeape	Fighting		455	65	105	60	60	70	95
0.6885205488375842	Arcanine	Fire		555	90	110	80	100	80	95
0.28278219554252126	Poliwhirl	Water		385	65	65	65	50	50	90
0.0915864748768277	Poliwrath	Water	Fighting	510	90	95	95	70	90	70
0.28439393402006596	AlakazamMega Alakazam	Psychic		590	55	50	65	175	95	150
0.4999913114366823	Machoke	Fighting		405	80	100	70	50	60	45
0.5235908535671342	Machamp	Fighting		505	90	130	80	65	85	55
0.2634295232877464	Victreebel	Grass	Poison	490	80	105	65	100	70	70
0.5934869746941206	Tentacruel	Water	Poison	515	80	70	65	80	120	100
0.5191996468746424	Geodude	Rock	Ground	300	40	80	100	30	30	20
0.1316703209812733	Graveler	Rock	Ground	390	55	95	115	45	45	35
0.010678278745596237	Golem	Rock	Ground	495	80	120	130	55	65	45
0.8646332078975234	Rapidash	Fire		500	65	100	70	80	80	105
0.6016049826646358	Slowpoke	Water	Psychic	315	90	65	65	40	40	15
0.4556486825296199	Slowbro	Water	Psychic	490	95	75	110	100	80	30
0.1927327137092395	SlowbroMega Slowbro	Water	Psychic	590	95	75	180	130	80	30
0.6267799716514273	Magnemite	Electric	Steel	325	25	35	70	95	55	45
0.9221019180984682	Magneton	Electric	Steel	465	50	60	95	120	70	70
0.6057159472548799	Dodrio	Normal	Flying	460	60	110	70	60	60	100
0.24524090401550358	Dewgong	Water	Ice	475	90	70	80	70	95	70
0.5455261210454724	Muk	Poison		500	105	105	75	65	100	50
0.5643689793956086	Shellder	Water		305	30	65	100	45	25	40
0.5054192763096355	Cloyster	Water	Ice	525	50	95	180	85	45	70
0.15168652619201028	Gengar	Ghost	Poison	500	60	65	60	130	75	110
0.14149224776786662	GengarMega Gengar	Ghost	Poison	600	60	65	80	170	95	130
0.9147111454651399	Onix	Rock	Ground	385	35	45	160	30	45	70
0.9197124657132583	Hypno	Psychic		483	85	73	70	73	115	67
0.13312091121791525	Krabby	Water		325	30	105	90	25	25	50
0.36356143839763644	Kingler	Water		475	55	130	115	50	50	75
0.2865743733261227	Electrode	Electric		480	60	50	70	80	80	140
0.2235729056942345	Exeggcute	Grass	Psychic	325	60	40	80	60	45	40
0.949502558483346	Exeggutor	Grass	Psychic	520	95	95	85	125	65	55
0.09624520052082819	Cubone	Ground		320	50	50	95	40	50	35
0.9880428248136732	Marowak	Ground		425	60	80	110	50	80	45
0.7194436014058537	Hitmonchan	Fighting		455	50	105	79	35	110	76
0.8203651384387696	Lickitung	Normal		385	90	55	75	60	75	30
0.1774987335147412	Koffing	Poison		340	40	65	95	60	45	35
0.73701220393882	Weezing	Poison		490	65	90	120	85	70	60
0.5119539021488542	Rhyhorn	Ground	Rock	345	80	85	95	30	30	25
0.4930427986302143	Rhydon	Ground	Rock	485	105	130	120	45	45	40
0.6566303494264264	Tangela	Grass		435	65	55	115	100	40	60
0.9273659446001088	Kangaskhan	Normal		490	105	95	80	40	80	90
0.3048175612611511	KangaskhanMega Kangaskhan	Normal		590	105	125	100	60	100	100
0.913439363310743	Horsea	Water		295	30	40	70	70	25	60
0.8315201431433674	Seadra	Water		440	55	65	95	95	45	85
0.7543633021362361	Goldeen	Water		320	45	67	60	35	50	63
0.9975020819548366	Seaking	Water		450	80	92	65	65	80	68
0.28733555808543554	Starmie	Water	Psychic	520	60	75	85	100	85	115
0.07018356606193066	Mr. Mime	Psychic	Fairy	460	40	45	65	100	120	90
0.6185812789848028	Scyther	Bug	Flying	500	70	110	80	55	80	105
0.628208608164047	Electabuzz	Electric		490	65	83	57	95	85	105
0.05948681567344416	Magmar	Fire		495	65	95	57	100	85	93
0.5437849878948258	Pinsir	Bug		500	65	125	100	55	70	85
0.5451355309551652	PinsirMega Pinsir	Bug	Flying	600	65	155	120	65	90	105
0.03489725154189738	Tauros	Normal		490	75	100	95	40	70	110
0.4832714853973845	Gyarados	Water	Flying	540	95	125	79	60	100	81
0.7765279600814181	GyaradosMega Gyarados	Water	Dark	640	95	155	109	70	130	81
0.5785377046357921	Lapras	Water	Ice	535	130	85	80	85	95	60
0.5875373054013551	Vaporeon	Water		525	130	65	60	110	95	65
0.0054072251813798156	Jolteon	Electric		525	65	65	60	110	95	130
0.352418280928229	Flareon	Fire		525	65	130	60	95	110	65
0.24342961286041864	Porygon	Normal		395	65	60	70	85	75	40
0.48245814465658965	Omanyte	Rock	Water	355	35	40	100	90	55	35
0.6482612704976052	Omastar	Rock	Water	495	70	60	125	115	70	55
0.20971614694824325	Kabuto	Rock	Water	355	30	80	90	55	45	55
0.19756786162129503	Kabutops	Rock	Water	495	60	115	105	65	70	80
0.38362088828726404	Aerodactyl	Rock	Flying	515	80	105	65	60	75	130
0.9365381200448499	AerodactylMega Aerodactyl	Rock	Flying	615	80	135	85	70	95	150
0.7009649549099345	Snorlax	Normal		540	160	110	65	65	110	30
0.14581470194091428	Articuno	Ice	Flying	580	90	85	100	95	125	85
0.6458270414249692	Zapdos	Electric	Flying	580	90	90	85	125	90	100
0.6856357145528568	Moltres	Fire	Flying	580	90	100	90	125	85	90
0.9998036103098544	Dragonair	Dragon		420	61	84	65	70	70	70
0.9325241844664738	Dragonite	Dragon	Flying	600	91	134	95	100	100	80
0.961324985087278	Mewtwo	Psychic		680	106	110	90	154	90	130
0.145719307052673	MewtwoMega Mewtwo X	Psychic	Fighting	780	106	190	100	154	100	130
0.49534018093301924	MewtwoMega Mewtwo Y	Psychic		780	106	150	70	194	120	140
0.48459532499231484	Mew	Psychic		600	100	100	100	100	100	100
0.03397118898250873	Chikorita	Grass		318	45	49	65	49	65	45
0.5785699467593253	Bayleef	Grass		405	60	62	80	63	80	60
0.530684398828615	Meganium	Grass		525	80	82	100	83	100	80
0.9385967653085558	Quilava	Fire		405	58	64	58	80	65	80
0.8040475852589144	Typhlosion	Fire		534	78	84	78	109	85	100
0.33352201809390203	Totodile	Water		314	50	65	64	44	48	43
0.21430791514276792	Croconaw	Water		405	65	80	80	59	63	58
0.8527504102248961	Feraligatr	Water		530	85	105	100	79	83	78
0.822032445092823	Furret	Normal		415	85	76	64	45	55	90
0.8843127238158432	Ariados	Bug	Poison	390	70	90	70	60	60	40
0.061220043379710876	Crobat	Poison	Flying	535	85	90	80	70	80	130
0.8781940826760203	Lanturn	Water	Electric	460	125	58	58	76	76	67
0.6010670955258796	Togepi	Fairy		245	35	20	65	40	65	20
0.09042363097569095	Togetic	Fairy	Flying	405	55	40	85	80	105	40
0.905518396929122	Xatu	Psychic	Flying	470	65	75	70	95	70	95
0.6438261691418977	Ampharos	Electric		510	90	75	85	115	90	55
0.16555627187883182	AmpharosMega Ampharos	Electric	Dragon	610	90	95	105	165	110	45
0.1545021985730779	Bellossom	Grass		490	75	80	95	90	100	50
0.866693374014059	Azumarill	Water	Fairy	420	100	50	80	60	80	50
0.8951681546834915	Sudowoodo	Rock		410	70	100	115	30	65	30
0.5572851657371574	Politoed	Water		500	90	75	75	90	100	70
0.36170978503059625	Jumpluff	Grass	Flying	460	75	55	70	55	95	110
0.1491358478129794	Quagsire	Water	Ground	430	95	85	85	65	65	35
0.12006360248109804	Espeon	Psychic		525	65	65	60	130	95	110
0.760631434032697	Umbreon	Dark		525	95	65	110	60	130	65
0.7073492798600451	Slowking	Water	Psychic	490	95	75	80	100	110	30
0.10761815985019996	Misdreavus	Ghost		435	60	60	60	85	85	85
0.9926649490023732	Wobbuffet	Psychic		405	190	33	58	33	58	33
0.364895998367864	Girafarig	Normal	Psychic	455	70	80	65	90	65	85
0.945884449133188	Pineco	Bug		290	50	65	90	35	35	15
0.3210879964075466	Forretress	Bug	Steel	465	75	90	140	60	60	40
0.9720423734131258	Dunsparce	Normal		415	100	70	70	65	65	45
0.2944714913752592	Gligar	Ground	Flying	430	65	75	105	35	65	85
0.4274699923366543	Steelix	Steel	Ground	510	75	85	200	55	65	30
0.3829360948308983	SteelixMega Steelix	Steel	Ground	610	75	125	230	55	95	30
0.3028817648610561	Granbull	Fairy		450	90	120	75	60	60	45
0.10651289066852776	Qwilfish	Water	Poison	430	65	95	75	55	55	85
0.3273697700698346	Scizor	Bug	Steel	500	70	130	100	55	80	65
0.7379681793927308	ScizorMega Scizor	Bug	Steel	600	70	150	140	65	100	75
0.4831218114386696	Shuckle	Bug	Rock	505	20	10	230	10	230	5
0.6809695369888574	Heracross	Bug	Fighting	500	80	125	75	40	95	85
0.5191480552311842	HeracrossMega Heracross	Bug	Fighting	600	80	185	115	40	105	75
0.17463210466249612	Ursaring	Normal		500	90	130	75	75	75	55
0.9870124417864742	Magcargo	Fire	Rock	410	50	50	120	80	80	30
0.6092839393864833	Piloswine	Ice	Ground	450	100	100	80	60	60	50
0.3942766984657907	Corsola	Water	Rock	380	55	55	85	65	85	35
0.5156217854448065	Octillery	Water		480	75	105	75	105	75	45
0.6619607082217105	Mantine	Water	Flying	465	65	40	70	80	140	70
0.22575727824483638	Skarmory	Steel	Flying	465	65	80	140	40	70	70
0.38880879823875714	HoundoomMega Houndoom	Dark	Fire	600	75	90	90	140	90	115
0.6407994159163589	Kingdra	Water	Dragon	540	75	95	95	95	95	85
0.7536618346693611	Phanpy	Ground		330	90	60	60	40	40	40
0.019527351592238285	Donphan	Ground		500	90	120	120	60	60	50
0.8420274677048124	Porygon2	Normal		515	85	80	90	105	95	60
0.22344782931224627	Stantler	Normal		465	73	95	62	85	65	85
0.9563968699666158	Hitmontop	Fighting		455	50	95	95	35	110	70
0.11529974058627268	Miltank	Normal		490	95	80	105	40	70	100
0.08248570049493276	Raikou	Electric		580	90	85	75	115	100	115
0.4641855935784571	Entei	Fire		580	115	115	85	90	75	100
0.23401080474575298	Suicune	Water		580	100	75	115	90	115	85
0.6174183585897236	Pupitar	Rock	Ground	410	70	84	70	65	70	51
0.3136116457517474	Tyranitar	Rock	Dark	600	100	134	110	95	100	61
0.6664471324073088	TyranitarMega Tyranitar	Rock	Dark	700	100	164	150	95	120	71
0.4119677970035751	Lugia	Psychic	Flying	680	106	90	130	90	154	110
0.8745569521575454	Ho-oh	Fire	Flying	680	106	130	90	110	154	90
0.9540610508801006	Celebi	Psychic	Grass	600	100	100	100	100	100	100
0.7132508017619056	Sceptile	Grass		530	70	85	65	105	85	120
0.7020130245160584	SceptileMega Sceptile	Grass	Dragon	630	70	110	75	145	85	145
0.14125837760896287	Combusken	Fire	Fighting	405	60	85	60	85	60	55
0.5772566043453249	Blaziken	Fire	Fighting	530	80	120	70	110	70	80
0.3770484558978152	BlazikenMega Blaziken	Fire	Fighting	630	80	160	80	130	80	100
0.38835379046634433	Marshtomp	Water	Ground	405	70	85	70	60	70	50
0.6877436581732828	Swampert	Water	Ground	535	100	110	90	85	90	60
0.4900616504903451	SwampertMega Swampert	Water	Ground	635	100	150	110	95	110	70
0.9227694864179264	Mightyena	Dark		420	70	90	70	60	60	70
0.8779045854239198	Linoone	Normal		420	78	70	61	50	61	100
0.14085824689671866	Dustox	Bug	Poison	385	60	50	70	50	90	65
0.29229371568966067	Ludicolo	Water	Grass	480	80	70	70	90	100	70
0.6487436528867775	Shiftry	Grass	Dark	480	90	100	60	90	60	80
0.1970245959564576	Swellow	Normal	Flying	430	60	85	60	50	50	125
0.7267185199758599	Pelipper	Water	Flying	430	60	50	100	85	70	65
0.466790884167105	Gardevoir	Psychic	Fairy	518	68	65	65	125	115	80
0.8510067124083146	GardevoirMega Gardevoir	Psychic	Fairy	618	68	85	65	165	135	100
0.8033079819876707	Masquerain	Bug	Flying	414	70	60	62	80	82	60
0.12956614165074765	Shroomish	Grass		295	60	40	60	40	60	35
0.16400182891685933	Breloom	Grass	Fighting	460	60	130	80	60	60	70
0.19356305900443793	Slakoth	Normal		280	60	60	60	35	35	30
0.2733709511330975	Vigoroth	Normal		440	80	80	80	55	55	90
0.8815339445315252	Slaking	Normal		670	150	160	100	95	65	100
0.8655786407148489	Nincada	Bug	Ground	266	31	45	90	30	30	40
0.6205006145451925	Exploud	Normal		490	104	91	63	91	73	68
0.026211602767642894	Hariyama	Fighting		474	144	120	60	40	60	50
0.5544720187649645	Nosepass	Rock		375	30	45	135	45	90	30
0.5382087180510384	Delcatty	Normal		380	70	65	65	55	55	70
0.7554225977823165	Sableye	Dark	Ghost	380	50	75	75	65	65	50
0.7466022439803329	SableyeMega Sableye	Dark	Ghost	480	50	85	125	85	115	20
0.5376777683463327	Mawile	Steel	Fairy	380	50	85	85	55	55	50
0.22193001381831545	MawileMega Mawile	Steel	Fairy	480	50	105	125	55	95	50
0.1994819341908115	Aron	Steel	Rock	330	50	70	100	40	40	30
0.5841058175743898	Lairon	Steel	Rock	430	60	90	140	50	50	40
0.8543195033049513	Aggron	Steel	Rock	530	70	110	180	60	60	50
0.736432389022284	AggronMega Aggron	Steel		630	70	140	230	60	80	50
0.2613736934739548	Medicham	Fighting	Psychic	410	60	60	75	60	75	80
0.5206915220310432	MedichamMega Medicham	Fighting	Psychic	510	60	100	85	80	85	100
0.2945380682118278	Manectric	Electric		475	70	75	60	105	60	105
0.3343542409367992	ManectricMega Manectric	Electric		575	70	75	80	135	80	135
0.43096195946215676	Swalot	Poison		467	100	73	83	73	83	55
0.5235572010830137	SharpedoMega Sharpedo	Water	Dark	560	70	140	70	110	65	105
0.12465646118408247	Camerupt	Fire	Ground	460	70	100	70	105	75	40
0.6823430790218937	CameruptMega Camerupt	Fire	Ground	560	70	120	100	145	105	20
0.3427871175146665	Torkoal	Fire		470	70	85	140	85	70	20
0.22964911145330202	Grumpig	Psychic		470	80	45	65	90	110	80
0.7696225239273413	Spinda	Normal		360	60	60	60	60	60	60
0.5086550133527054	Flygon	Ground	Dragon	520	80	100	80	80	80	100
0.06652036962433439	Cacturne	Grass	Dark	475	70	115	60	115	60	55
0.9445019748080812	Swablu	Normal	Flying	310	45	40	60	40	75	50
0.1597556999509263	Altaria	Dragon	Flying	490	75	70	90	70	105	80
0.6203271726457438	AltariaMega Altaria	Dragon	Fairy	590	75	110	110	110	105	80
0.3085024647820105	Zangoose	Normal		458	73	115	60	60	60	90
0.6804060937291224	Seviper	Poison		458	73	100	60	100	60	65
0.8830631658245818	Lunatone	Rock	Psychic	440	70	55	65	95	85	70
0.7634636072012745	Solrock	Rock	Psychic	440	70	95	85	55	65	70
0.5118238621332423	Whiscash	Water	Ground	468	110	78	73	76	71	60
0.8075397531188983	Corphish	Water		308	43	80	65	50	35	35
0.8908369303994833	Crawdaunt	Water	Dark	468	63	120	85	90	55	55
0.9769346355269368	Claydol	Ground	Psychic	500	60	70	105	70	120	75
0.9019739015615564	Lileep	Rock	Grass	355	66	41	77	61	87	23
0.6465890105900428	Cradily	Rock	Grass	495	86	81	97	81	107	43
0.2669382675175087	Armaldo	Rock	Bug	495	75	125	100	70	80	45
0.6727956929872201	Milotic	Water		540	95	60	79	100	125	81
0.24090699585627928	Castform	Normal		420	70	70	70	70	70	70
0.9925093532524647	Kecleon	Normal		440	60	90	70	60	120	40
0.4901211552414395	Banette	Ghost		455	64	115	65	83	63	65
0.6659908844307639	BanetteMega Banette	Ghost		555	64	165	75	93	83	75
0.42444390373140395	Duskull	Ghost		295	20	40	90	30	90	25
0.12646666495984593	Dusclops	Ghost		455	40	70	130	60	130	25
0.6939421943514367	Tropius	Grass	Flying	460	99	68	83	72	87	51
0.7714135937901424	Chimecho	Psychic		425	65	50	70	95	80	65
0.08624665792281494	Absol	Dark		465	65	130	60	75	60	75
0.3466273005184628	AbsolMega Absol	Dark		565	65	150	60	115	60	115
0.6602489230258018	Glalie	Ice		480	80	80	80	80	80	80
0.38815443374281544	GlalieMega Glalie	Ice		580	80	120	80	120	80	100
0.05617611135776124	Sealeo	Ice	Water	410	90	60	70	75	70	45
0.4283508430543075	Walrein	Ice	Water	530	110	80	90	95	90	65
0.6699348264133173	Clamperl	Water		345	35	64	85	74	55	32
0.6987747975103995	Huntail	Water		485	55	104	105	94	75	52
0.8616610438407923	Gorebyss	Water		485	55	84	105	114	75	52
0.7104706917960505	Relicanth	Water	Rock	485	100	90	130	45	65	55
0.8785936060945102	Bagon	Dragon		300	45	75	60	40	30	50
0.7257016918086903	Shelgon	Dragon		420	65	95	100	60	50	50
0.45777839981685575	Salamence	Dragon	Flying	600	95	135	80	110	80	100
0.6967316987283958	SalamenceMega Salamence	Dragon	Flying	700	95	145	130	120	90	120
0.5849014485335409	Beldum	Steel	Psychic	300	40	55	80	35	60	30
0.507348113377689	Metang	Steel	Psychic	420	60	75	100	55	80	50
0.025064610485248773	Metagross	Steel	Psychic	600	80	135	130	95	90	70
0.16008560731036003	MetagrossMega Metagross	Steel	Psychic	700	80	145	150	105	110	110
0.6160007905821063	Regirock	Rock		580	80	100	200	50	100	50
0.08331991178001352	Regice	Ice		580	80	50	100	100	200	50
0.9836475991092873	Registeel	Steel		580	80	75	150	75	150	50
0.7424293048458537	Latias	Dragon	Psychic	600	80	80	90	110	130	110
0.06685461438249218	LatiasMega Latias	Dragon	Psychic	700	80	100	120	140	150	110
0.8110789858791755	Latios	Dragon	Psychic	600	80	90	80	130	110	110
0.33811043548751196	LatiosMega Latios	Dragon	Psychic	700	80	130	100	160	120	110
0.9535021302914449	Kyogre	Water		670	100	100	90	150	140	90
0.7994854811404396	KyogrePrimal Kyogre	Water		770	100	150	90	180	160	90
0.7756898715908854	Groudon	Ground		670	100	150	140	100	90	90
0.08956702853732168	GroudonPrimal Groudon	Ground	Fire	770	100	180	160	150	90	90
0.29004262685164406	Rayquaza	Dragon	Flying	680	105	150	90	150	90	95
0.4332091825660066	RayquazaMega Rayquaza	Dragon	Flying	780	105	180	100	180	100	115
0.6997846783265854	Jirachi	Steel	Psychic	600	100	100	100	100	100	100
0.729750839133828	DeoxysDefense Forme	Psychic		600	50	70	160	70	160	90
0.9199373954715728	DeoxysSpeed Forme	Psychic		600	50	95	90	95	90	180
0.03841772410874855	Turtwig	Grass		318	55	68	64	45	55	31
0.8126392206642482	Grotle	Grass		405	75	89	85	55	65	36
0.766488166652525	Torterra	Grass	Ground	525	95	109	105	75	85	56
0.0059769986390988405	Infernape	Fire	Fighting	534	76	104	71	104	71	108
0.384161741250321	Prinplup	Water		405	64	66	68	81	76	50
0.5952610701871022	Empoleon	Water	Steel	530	84	86	88	111	101	60
0.8207476501481131	Staraptor	Normal	Flying	485	85	120	70	50	60	100
0.27996800169508995	Bibarel	Normal	Water	410	79	85	60	55	60	71
0.38372852317345174	Luxray	Electric		523	80	120	79	95	79	70
0.182647896608939	Roserade	Grass	Poison	515	60	70	65	125	105	90
0.08252755658901378	Rampardos	Rock		495	97	165	60	65	50	58
0.9203315272556041	Shieldon	Rock	Steel	350	30	42	118	42	88	30
0.3326056117700812	Bastiodon	Rock	Steel	495	60	52	168	47	138	30
0.47488217527825427	WormadamPlant Cloak	Bug	Grass	424	60	59	85	79	105	36
0.8161637388773887	WormadamSandy Cloak	Bug	Ground	424	60	79	105	59	85	36
0.13495272530901636	WormadamTrash Cloak	Bug	Steel	424	60	69	95	69	95	36
0.6396669567117945	Vespiquen	Bug	Flying	474	70	80	102	80	102	40
0.6854868847830424	Pachirisu	Electric		405	60	45	70	45	90	95
0.16521034864610584	Cherrim	Grass		450	70	60	70	87	78	85
0.10592763319853171	Gastrodon	Water	Ground	475	111	83	68	92	82	39
0.015112744607550077	Ambipom	Normal		482	75	100	66	60	66	115
0.1384733873441505	Lopunny	Normal		480	65	76	84	54	96	105
0.7228664467459501	LopunnyMega Lopunny	Normal	Fighting	580	65	136	94	54	96	135
0.11398708567543425	Mismagius	Ghost		495	60	60	60	105	105	105
0.4976396779596861	Purugly	Normal		452	71	82	64	64	59	112
0.6147715824232802	Skuntank	Poison	Dark	479	103	93	67	71	61	84
0.20599169199435563	Bronzor	Steel	Psychic	300	57	24	86	24	86	23
0.7277599367784141	Bronzong	Steel	Psychic	500	67	89	116	79	116	33
0.27851394406573804	Bonsly	Rock		290	50	80	95	10	45	10
0.4442400444009935	Spiritomb	Ghost	Dark	485	50	92	108	92	108	35
0.09907460255205514	Gabite	Dragon	Ground	410	68	90	65	50	55	82
0.9166708708371836	Garchomp	Dragon	Ground	600	108	130	95	80	85	102
0.011664370299548144	GarchompMega Garchomp	Dragon	Ground	700	108	170	115	120	95	92
0.8412107645445686	Lucario	Fighting	Steel	525	70	110	70	115	70	90
0.3190872209065678	LucarioMega Lucario	Fighting	Steel	625	70	145	88	140	70	112
0.8261506600481685	Hippopotas	Ground		330	68	72	78	38	42	32
0.18660823583469943	Hippowdon	Ground		525	108	112	118	68	72	47
0.6895324450290969	Skorupi	Poison	Bug	330	40	50	90	30	55	65
0.7929802983655649	Drapion	Poison	Dark	500	70	90	110	60	75	95
0.7399698543029594	Toxicroak	Poison	Fighting	490	83	106	65	86	65	85
0.1849681376428347	Carnivine	Grass		454	74	100	72	90	72	46
0.09733277838793097	Finneon	Water		330	49	49	56	49	61	66
0.33664370582674097	Lumineon	Water		460	69	69	76	69	86	91
0.4468891049526553	Abomasnow	Grass	Ice	494	90	92	75	92	85	60
0.841533014939392	AbomasnowMega Abomasnow	Grass	Ice	594	90	132	105	132	105	30
0.5622284833162423	Weavile	Dark	Ice	510	70	120	65	45	85	125
0.3774764226963291	Magnezone	Electric	Steel	535	70	70	115	130	90	60
0.8274531611606146	Lickilicky	Normal		515	110	85	95	80	95	50
0.687262156333881	Rhyperior	Ground	Rock	535	115	140	130	55	55	40
0.5144700306761212	Tangrowth	Grass		535	100	100	125	110	50	50
0.8722815691639512	Electivire	Electric		540	75	123	67	95	85	95
0.9816370270200894	Magmortar	Fire		540	75	95	67	125	95	83
0.5643260788409876	Togekiss	Fairy	Flying	545	85	50	95	120	115	80
0.3385151026848271	Yanmega	Bug	Flying	515	86	76	86	116	56	95
0.2380217122876146	Leafeon	Grass		525	65	110	130	60	65	95
0.6291871047028313	Glaceon	Ice		525	65	60	110	130	95	65
0.9722238144189052	Gliscor	Ground	Flying	510	75	95	125	45	75	95
0.7127829399697283	Mamoswine	Ice	Ground	530	110	130	80	70	60	80
0.23504004555148494	Porygon-Z	Normal		535	85	80	70	135	75	90
0.8318814428978466	Gallade	Psychic	Fighting	518	68	125	65	65	115	80
0.32921080320042095	GalladeMega Gallade	Psychic	Fighting	618	68	165	95	65	115	110
0.2528501301884102	Probopass	Rock	Steel	525	60	55	145	75	150	40
0.520673925323597	Dusknoir	Ghost		525	45	100	135	65	135	45
0.3105673019512485	Froslass	Ice	Ghost	480	70	80	70	80	70	110
0.31471779136668787	Rotom	Electric	Ghost	440	50	50	77	95	77	91
0.995104738758085	RotomHeat Rotom	Electric	Fire	520	50	65	107	105	107	86
0.025756380984425342	RotomWash Rotom	Electric	Water	520	50	65	107	105	107	86
0.7597161753419238	RotomFrost Rotom	Electric	Ice	520	50	65	107	105	107	86
0.5961356470324487	RotomFan Rotom	Electric	Flying	520	50	65	107	105	107	86
0.2158854307397874	RotomMow Rotom	Electric	Grass	520	50	65	107	105	107	86
0.39732300916392527	Uxie	Psychic		580	75	75	130	75	130	95
0.5983697924056645	Mesprit	Psychic		580	80	105	105	105	105	80
0.5372868794016598	Azelf	Psychic		580	75	125	70	125	70	115
0.44538827522600877	Dialga	Steel	Dragon	680	100	120	120	150	100	90
0.49791055838115905	Palkia	Water	Dragon	680	90	120	100	150	120	100
0.5387330555644049	Heatran	Fire	Steel	600	91	90	106	130	106	77
0.9360994459246849	Regigigas	Normal		670	110	160	110	80	110	100
0.306132771492849	GiratinaAltered Forme	Ghost	Dragon	680	150	100	120	100	120	90
0.35515499205424683	GiratinaOrigin Forme	Ghost	Dragon	680	150	120	100	120	100	90
0.20230282684337075	Cresselia	Psychic		600	120	70	120	75	130	85
0.4454443497132118	Phione	Water		480	80	80	80	80	80	80
0.9825362812870816	Manaphy	Water		600	100	100	100	100	100	100
0.01496635538614055	Darkrai	Dark		600	70	90	90	135	90	125
0.7683044069231559	ShayminLand Forme	Grass		600	100	100	100	100	100	100
0.09379338947724025	ShayminSky Forme	Grass	Flying	600	100	103	75	120	75	127
0.7111535072037035	Arceus	Normal		720	120	120	120	120	120	120
0.46737828566118944	Victini	Psychic	Fire	600	100	100	100	100	100	100
0.3003401771551041	Servine	Grass		413	60	60	75	60	75	83
0.2412986721525362	Serperior	Grass		528	75	75	95	75	95	113
0.6703959215483747	Emboar	Fire	Fighting	528	110	123	65	100	65	65
0.18624055723550692	Dewott	Water		413	75	75	60	83	60	60
0.9645377671110064	Samurott	Water		528	95	100	85	108	70	70
0.3820913875065909	Watchog	Normal		420	60	85	69	60	69	77
0.04405354384854843	Herdier	Normal		370	65	80	65	35	65	60
0.8522432247382355	Stoutland	Normal		500	85	110	90	45	90	80
0.8261177756037051	Simisage	Grass		498	75	98	63	98	63	101
0.435041981898883	Simisear	Fire		498	75	98	63	98	63	101
0.8346993952711266	Simipour	Water		498	75	98	63	98	63	101
0.5133308846337217	Musharna	Psychic		487	116	55	85	107	95	29
0.29118436106992907	Tranquill	Normal	Flying	358	62	77	62	50	42	65
0.5529196094105954	Unfezant	Normal	Flying	488	80	115	80	65	55	93
0.21106480308247877	Zebstrika	Electric		497	75	100	63	80	63	116
0.7773865680238871	Roggenrola	Rock		280	55	75	85	25	25	15
0.5466741545123608	Boldore	Rock		390	70	105	105	50	40	20
0.02383379461053381	Gigalith	Rock		515	85	135	130	60	80	25
0.7877314730475048	Excadrill	Ground	Steel	508	110	135	60	50	65	88
0.6291345414192262	Audino	Normal		445	103	60	86	60	86	50
0.5437822743368972	AudinoMega Audino	Normal	Fairy	545	103	60	126	80	126	50
0.5390368341830603	Gurdurr	Fighting		405	85	105	85	40	50	40
0.2559941456278143	Conkeldurr	Fighting		505	105	140	95	55	65	45
0.11653174942565436	Seismitoad	Water	Ground	509	105	95	75	85	75	74
0.16881678534116207	Throh	Fighting		465	120	100	85	30	85	45
0.9576106110337372	Sawk	Fighting		465	75	125	75	30	75	85
0.2115052857725459	Sewaddle	Bug	Grass	310	45	53	70	40	60	42
0.46148818783643764	Swadloon	Bug	Grass	380	55	63	90	50	80	42
0.25031586139867	Leavanny	Bug	Grass	500	75	103	80	70	80	92
0.7112565668381268	Venipede	Bug	Poison	260	30	45	59	30	39	57
0.8573213859580707	Whirlipede	Bug	Poison	360	40	55	99	40	79	47
0.11557637262326859	Scolipede	Bug	Poison	485	60	100	89	55	69	112
0.9623948254117568	Cottonee	Grass	Fairy	280	40	27	60	37	50	66
0.16135347137845346	Whimsicott	Grass	Fairy	480	60	67	85	77	75	116
0.5002278064249471	Lilligant	Grass		480	70	60	75	110	75	90
0.9034608195089769	Basculin	Water		460	70	92	65	80	55	98
0.001672525026703009	Krookodile	Ground	Dark	519	95	117	80	65	70	92
0.5456424171718475	DarmanitanZen Mode	Fire	Psychic	540	105	30	105	140	105	55
0.4037274532237015	Maractus	Grass		461	75	86	67	106	67	60
0.6750983416416788	Dwebble	Bug	Rock	325	50	65	85	35	35	55
0.6387601700731527	Crustle	Bug	Rock	475	70	95	125	65	75	45
0.6333439588731209	Scraggy	Dark	Fighting	348	50	75	70	35	70	48
0.6128359473550337	Scrafty	Dark	Fighting	488	65	90	115	45	115	58
0.8223307230099168	Sigilyph	Psychic	Flying	490	72	58	80	103	80	97
0.3751779466840175	Yamask	Ghost		303	38	30	85	55	65	30
0.8452077636764511	Cofagrigus	Ghost		483	58	50	145	95	105	30
0.8238339359049655	Tirtouga	Water	Rock	355	54	78	103	53	45	22
0.6063113531174332	Carracosta	Water	Rock	495	74	108	133	83	65	32
0.4726974154259981	Archeops	Rock	Flying	567	75	140	65	112	65	110
0.3889402881241979	Trubbish	Poison		329	50	50	62	40	62	65
0.2363849594627333	Garbodor	Poison		474	80	95	82	60	82	75
0.4892776677489662	Zoroark	Dark		510	60	105	60	120	60	105
0.06449140316412272	Cinccino	Normal		470	75	95	60	65	60	115
0.9106511463805996	Gothorita	Psychic		390	60	45	70	75	85	55
0.5959353557106883	Gothitelle	Psychic		490	70	55	95	95	110	65
0.5675017463060329	Reuniclus	Psychic		490	110	65	75	125	85	30
0.9061045772443332	Swanna	Water	Flying	473	75	87	63	87	63	98
0.2694047898059765	Vanillish	Ice		395	51	65	65	80	75	59
0.31106985479820803	Vanilluxe	Ice		535	71	95	85	110	95	79
0.7618218254473458	Sawsbuck	Normal	Grass	475	80	100	70	60	70	95
0.07914206328931461	Emolga	Electric	Flying	428	55	75	60	75	60	103
0.3046584933875225	Escavalier	Bug	Steel	495	70	135	105	60	105	20
0.6135052964495672	Amoonguss	Grass	Poison	464	114	85	70	85	80	30
0.6379772353881804	Jellicent	Water	Ghost	480	100	60	70	85	105	60
0.12170532767432962	Alomomola	Water		470	165	75	80	40	45	65
0.885313823809396	Galvantula	Bug	Electric	472	70	77	60	97	60	108
0.21766154641855373	Ferroseed	Grass	Steel	305	44	50	91	24	86	10
0.6010404502604041	Ferrothorn	Grass	Steel	489	74	94	131	54	116	20
0.12698763905812038	Klink	Steel		300	40	55	70	45	60	30
0.10430354292794641	Klang	Steel		440	60	80	95	70	85	50
0.8322578004480089	Klinklang	Steel		520	60	100	115	70	85	90
0.736559274253355	Eelektrik	Electric		405	65	85	70	75	70	40
0.3250744984914635	Eelektross	Electric		515	85	115	80	105	80	50
0.21408141002360848	Beheeyem	Psychic		485	75	75	75	125	95	40
0.17813882191398867	Lampent	Ghost	Fire	370	60	40	60	95	60	55
0.7555935947518896	Chandelure	Ghost	Fire	520	60	55	90	145	90	80
0.5428767544557909	Axew	Dragon		320	46	87	60	30	40	57
0.7860776476560912	Fraxure	Dragon		410	66	117	70	40	50	67
0.8745451060870872	Haxorus	Dragon		540	76	147	90	60	70	97
0.34165010730985657	Beartic	Ice		485	95	110	80	70	80	50
0.7232575007369326	Shelmet	Bug		305	50	40	85	40	65	25
0.6211280186609572	Stunfisk	Ground	Electric	471	109	66	84	81	99	32
0.6702971515329488	Mienshao	Fighting		510	65	125	60	95	60	105
0.6945902747595365	Druddigon	Dragon		485	77	120	90	60	90	48
0.376796026338002	Golurk	Ground	Ghost	483	89	124	80	55	80	55
0.1380801367411354	Pawniard	Dark	Steel	340	45	85	70	40	40	60
0.016873131582032408	Bisharp	Dark	Steel	490	65	125	100	60	70	70
0.21990566790388344	Bouffalant	Normal		490	95	110	95	40	95	55
0.4382654765699864	Braviary	Normal	Flying	510	100	123	75	57	75	80
0.32422542931951226	Vullaby	Dark	Flying	370	70	55	75	45	65	60
0.9071161253223418	Mandibuzz	Dark	Flying	510	110	65	105	55	95	80
0.12132608268440237	Heatmor	Fire		484	85	97	66	105	66	65
0.5047833919650174	Durant	Bug	Steel	484	58	109	112	48	48	109
0.8439007726597101	Zweilous	Dark	Dragon	420	72	85	70	65	70	58
0.23631580092857485	Hydreigon	Dark	Dragon	600	92	105	90	125	90	98
0.12054583238220284	Volcarona	Bug	Fire	550	85	60	65	135	105	100
0.84372707902614	Cobalion	Steel	Fighting	580	91	90	129	90	72	108
0.5705493763653032	Terrakion	Rock	Fighting	580	91	129	90	72	90	108
0.681666110430448	Virizion	Grass	Fighting	580	91	90	72	90	129	108
0.6499237292988373	TornadusIncarnate Forme	Flying		580	79	115	70	125	80	111
0.8758887446517013	TornadusTherian Forme	Flying		580	79	100	80	110	90	121
0.6327251280645372	ThundurusIncarnate Forme	Electric	Flying	580	79	115	70	125	80	111
0.2416096543924635	ThundurusTherian Forme	Electric	Flying	580	79	105	70	145	80	101
0.6423330647211093	Reshiram	Dragon	Fire	680	100	120	100	150	120	90
0.06297818142788059	Zekrom	Dragon	Electric	680	100	150	120	120	100	90
0.045970703563879334	LandorusIncarnate Forme	Ground	Flying	600	89	125	90	115	80	101
0.12833596024162064	LandorusTherian Forme	Ground	Flying	600	89	145	90	105	80	91
0.4769076551665543	Kyurem	Dragon	Ice	660	125	130	90	130	90	95
0.2584631662414737	KyuremBlack Kyurem	Dragon	Ice	700	125	170	100	120	90	95
0.14019444198651188	KyuremWhite Kyurem	Dragon	Ice	700	125	120	90	170	100	95
0.6647097873124148	KeldeoOrdinary Forme	Water	Fighting	580	91	72	90	129	90	108
0.7302507734917147	KeldeoResolute Forme	Water	Fighting	580	91	72	90	129	90	108
0.61687110504183	MeloettaAria Forme	Normal	Psychic	600	100	77	77	128	128	90
0.28611666358695187	MeloettaPirouette Forme	Normal	Fighting	600	100	128	90	77	77	128
0.20116256765595053	Genesect	Bug	Steel	600	71	120	95	120	95	99
0.1297439011970386	Chespin	Grass		313	56	61	65	48	45	38
0.09905807863991656	Quilladin	Grass		405	61	78	95	56	58	57
0.8745512501319229	Chesnaught	Grass	Fighting	530	88	107	122	74	75	64
0.8385884776364264	Braixen	Fire		409	59	59	58	90	70	73
0.5089125427441346	Delphox	Fire	Psychic	534	75	69	72	114	100	104
0.45958392912149604	Greninja	Water	Dark	530	72	95	67	103	71	122
0.10873358451264736	Diggersby	Normal	Ground	423	85	56	77	50	77	78
0.9200439675231787	Talonflame	Fire	Flying	499	78	81	71	74	69	126
0.6243766550992468	Spewpa	Bug		213	45	22	60	27	30	29
0.357215446653933	Litleo	Fire	Normal	369	62	50	58	73	54	72
0.9326016705292768	Pyroar	Fire	Normal	507	86	68	72	109	66	106
0.8370578663366773	Florges	Fairy		552	78	65	68	112	154	75
0.40973374484513014	Gogoat	Grass		531	123	100	62	97	81	68
0.8907118519091856	Pancham	Fighting		348	67	82	62	46	48	43
0.33688177153532506	Pangoro	Fighting	Dark	495	95	124	78	69	71	58
0.6856166985876343	Furfrou	Normal		472	75	80	60	65	90	102
0.6137926111027703	MeowsticMale	Psychic		466	74	48	76	83	81	104
0.42943036182274597	MeowsticFemale	Psychic		466	74	48	76	83	81	104
0.36002604906935165	Honedge	Steel	Ghost	325	45	80	100	35	37	28
0.7023975817363708	Doublade	Steel	Ghost	448	59	110	150	45	49	35
0.7988964956860952	AegislashShield Forme	Steel	Ghost	520	60	50	150	50	150	60
0.08192142750653142	Spritzee	Fairy		341	78	52	60	63	65	23
0.33249448440167795	Aromatisse	Fairy		462	101	72	72	99	89	29
0.21357919700870565	Swirlix	Fairy		341	62	48	66	59	57	49
0.35964432874341323	Slurpuff	Fairy		480	82	80	86	85	75	72
0.5255672661465097	Malamar	Dark	Psychic	482	86	92	88	68	75	73
0.30056885364352826	Binacle	Rock	Water	306	42	52	67	39	56	50
0.03656897736754672	Barbaracle	Rock	Water	500	72	105	115	54	86	68
0.5631392889325919	Skrelp	Poison	Water	320	50	60	60	60	60	30
0.20644898408553558	Dragalge	Poison	Dragon	494	65	75	90	97	123	44
0.10983177683268364	Clauncher	Water		330	50	53	62	58	63	44
0.8892421925839454	Clawitzer	Water		500	71	73	88	120	89	59
0.6089640335551663	Tyrunt	Rock	Dragon	362	58	89	77	45	45	48
0.11101106344243505	Tyrantrum	Rock	Dragon	521	82	121	119	69	59	71
0.32863929045602436	Aurorus	Rock	Ice	521	123	77	72	99	92	58
0.3817970457565728	Sylveon	Fairy		525	95	65	65	110	130	60
0.3604026348107743	Hawlucha	Fighting	Flying	500	78	92	75	74	63	118
0.4097247114512518	Dedenne	Electric	Fairy	431	67	58	57	81	67	101
0.04836056906154573	Carbink	Rock	Fairy	500	50	50	150	50	150	50
0.5930872464399648	Goodra	Dragon		600	90	100	70	110	150	80
0.7079989337068172	Klefki	Steel	Fairy	470	57	80	91	80	87	75
0.2778342058708465	Trevenant	Ghost	Grass	474	85	110	76	65	82	56
0.6098537621830794	PumpkabooAverage Size	Ghost	Grass	335	49	66	70	44	55	51
0.06630113386395786	PumpkabooSmall Size	Ghost	Grass	335	44	66	70	44	55	56
0.49236200284900267	PumpkabooLarge Size	Ghost	Grass	335	54	66	70	44	55	46
0.10940322423911086	PumpkabooSuper Size	Ghost	Grass	335	59	66	70	44	55	41
0.4745923730465442	GourgeistAverage Size	Ghost	Grass	494	65	90	122	58	75	84
0.2981150793210521	GourgeistSmall Size	Ghost	Grass	494	55	85	122	58	75	99
0.5351993836664686	GourgeistLarge Size	Ghost	Grass	494	75	95	122	58	75	69
0.15826129393371657	GourgeistSuper Size	Ghost	Grass	494	85	100	122	58	75	54
0.7840515744994903	Bergmite	Ice		304	55	69	85	32	35	28
0.44095582804900224	Avalugg	Ice		514	95	117	184	44	46	28
0.6058789991892131	Noivern	Flying	Dragon	535	85	70	80	97	80	123
0.3630824240341395	Xerneas	Fairy		680	126	131	95	131	98	99
0.6324097062128086	Yveltal	Dark	Flying	680	126	131	95	131	98	99
0.9897645684703519	Zygarde50% Forme	Dragon	Ground	600	108	100	121	81	95	95
0.08539115519672058	Diancie	Rock	Fairy	600	50	100	150	100	150	50
0.7437122849386743	DiancieMega Diancie	Rock	Fairy	700	50	160	110	160	110	110
0.7153148690845127	HoopaHoopa Confined	Psychic	Ghost	600	80	110	60	150	130	70
0.6826635440678596	HoopaHoopa Unbound	Psychic	Dark	680	80	160	60	170	130	80
0.6804024131624734	Volcanion	Fire	Water	600	80	110	120	130	90	70
