0.9998759376428078	Piloswine	Ice	Ground	450	100	100	80	60	60	50
0.9987843951281069	Litleo	Fire	Normal	369	62	50	58	73	54	72
0.9943774566573856	MeowsticFemale	Psychic		466	74	48	76	83	81	104
0.9906944204617171	Heatmor	Fire		484	85	97	66	105	66	65
0.9883275043143249	Kingler	Water		475	55	130	115	50	50	75
0.9870691455527261	Poliwrath	Water	Fighting	510	90	95	95	70	90	70
0.9866812197228436	Rhyperior	Ground	Rock	535	115	140	130	55	55	40
0.9844333812318394	Dwebble	Bug	Rock	325	50	65	85	35	35	55
0.9819835387992475	Misdreavus	Ghost		435	60	60	60	85	85	85
0.981677876294711	CameruptMega Camerupt	Fire	Ground	560	70	120	100	145	105	20
0.9800410035636744	Audino	Normal		445	103	60	86	60	86	50
0.9797483022704485	Toxicroak	Poison	Fighting	490	83	106	65	86	65	85
0.9780010123865703	Krookodile	Ground	Dark	519	95	117	80	65	70	92
0.9747085426583415	Raikou	Electric		580	90	85	75	115	100	115
0.9723044459694378	Tentacruel	Water	Poison	515	80	70	65	80	120	100
0.9703363913989175	Golduck	Water		500	80	82	78	95	80	85
0.9680443854878114	Genesect	Bug	Steel	600	71	120	95	120	95	99
0.9664149898031295	Gallade	Psychic	Fighting	518	68	125	65	65	115	80
0.9605088483287434	SteelixMega Steelix	Steel	Ground	610	75	125	230	55	95	30
0.9588212420361237	Latias	Dragon	Psychic	600	80	80	90	110	130	110
0.9578079286774687	Suicune	Water		580	100	75	115	90	115	85
0.9529015985241258	Beldum	Steel	Psychic	300	40	55	80	35	60	30
0.9512193038766107	Weezing	Poison		490	65	90	120	85	70	60
0.9507208006063174	Porygon	Normal		395	65	60	70	85	75	40
0.9479512251637762	Aurorus	Rock	Ice	521	123	77	72	99	92	58
0.9469501174128978	Jumpluff	Grass	Flying	460	75	55	70	55	95	110
0.9458465212455304	Hydreigon	Dark	Dragon	600	92	105	90	125	90	98
0.9404258163664805	Herdier	Normal		370	65	80	65	35	65	60
0.9374289414767308	Sawsbuck	Normal	Grass	475	80	100	70	60	70	95
0.9371442338664349	Boldore	Rock		390	70	105	105	50	40	20
0.9322318468282882	Klinklang	Steel		520	60	100	115	70	85	90
0.9299759373636071	Exeggcute	Grass	Psychic	325	60	40	80	60	45	40
0.9294528464702683	GlalieMega Glalie	Ice		580	80	120	80	120	80	100
0.9290961754023709	Cloyster	Water	Ice	525	50	95	180	85	45	70
0.9255333278775707	Reshiram	Dragon	Fire	680	100	120	100	150	120	90
0.9255251953314185	Stoutland	Normal		500	85	110	90	45	90	80
0.9243939935657819	Kingdra	Water	Dragon	540	75	95	95	95	95	85
0.9232414553429641	Golurk	Ground	Ghost	483	89	124	80	55	80	55
0.9190474431798716	DiancieMega Diancie	Rock	Fairy	700	50	160	110	160	110	110
0.918761941356016	Ninetales	Fire		505	73	76	75	81	100	100
0.918506508522516	Spewpa	Bug		213	45	22	60	27	30	29
0.9156214744901683	Emboar	Fire	Fighting	528	110	123	65	100	65	65
0.9147464658380107	Furret	Normal		415	85	76	64	45	55	90
0.9138291030029383	Stantler	Normal		465	73	95	62	85	65	85
0.9135193597886637	Lickilicky	Normal		515	110	85	95	80	95	50
0.9133170011909477	Quilava	Fire		405	58	64	58	80	65	80
0.9123604313724124	Bastiodon	Rock	Steel	495	60	52	168	47	138	30
0.9119959198607207	Eelektrik	Electric		405	65	85	70	75	70	40
0.9109927331562023	Hitmontop	Fighting		455	50	95	95	35	110	70
0.9079489287639725	AltariaMega Altaria	Dragon	Fairy	590	75	110	110	110	105	80
0.9016587418500189	Sewaddle	Bug	Grass	310	45	53	70	40	60	42
0.9004769731206177	Gligar	Ground	Flying	430	65	75	105	35	65	85
0.8982497054859735	LopunnyMega Lopunny	Normal	Fighting	580	65	136	94	54	96	135
0.8912454343381907	Glalie	Ice		480	80	80	80	80	80	80
0.8907786260585125	Lickitung	Normal		385	90	55	75	60	75	30
0.8904037894724066	Gengar	Ghost	Poison	500	60	65	60	130	75	110
0.8889153771327025	Lampent	Ghost	Fire	370	60	40	60	95	60	55
0.8887984449873523	Diggersby	Normal	Ground	423	85	56	77	50	77	78
0.8885689174777207	Goodra	Dragon		600	90	100	70	110	150	80
0.8881350173296901	Magneton	Electric	Steel	465	50	60	95	120	70	70
0.8853396487787133	MawileMega Mawile	Steel	Fairy	480	50	105	125	55	95	50
0.8819751082976978	MeowsticMale	Psychic		466	74	48	76	83	81	104
0.8807731099466601	Zygarde50% Forme	Dragon	Ground	600	108	100	121	81	95	95
0.8806408915410611	Pangoro	Fighting	Dark	495	95	124	78	69	71	58
0.8800463083728332	Electabuzz	Electric		490	65	83	57	95	85	105
0.87619845505163	Ampharos	Electric		510	90	75	85	115	90	55
0.8709835843335855	Bronzong	Steel	Psychic	500	67	89	116	79	116	33
0.8678921681755656	Totodile	Water		314	50	65	64	44	48	43
0.8670096489059312	PumpkabooLarge Size	Ghost	Grass	335	54	66	70	44	55	46
0.8644195037207631	Goldeen	Water		320	45	67	60	35	50	63
0.8641259059980879	Eelektross	Electric		515	85	115	80	105	80	50
0.8618476671369356	ScizorMega Scizor	Bug	Steel	600	70	150	140	65	100	75
0.857577532514552	Vileplume	Grass	Poison	490	75	80	85	110	90	50
0.8565436185688149	LandorusIncarnate Forme	Ground	Flying	600	89	125	90	115	80	101
0.8562027454182628	Zapdos	Electric	Flying	580	90	90	85	125	90	100
0.8548572988028007	Weavile	Dark	Ice	510	70	120	65	45	85	125
0.8508694620741429	Volcarona	Bug	Fire	550	85	60	65	135	105	100
0.8474184398807308	Bagon	Dragon		300	45	75	60	40	30	50
0.8452213606782887	Scrafty	Dark	Fighting	488	65	90	115	45	115	58
0.8432424513509179	Swirlix	Fairy		341	62	48	66	59	57	49
0.8422163829899764	Moltres	Fire	Flying	580	90	100	90	125	85	90
0.8421630201726434	AmpharosMega Ampharos	Electric	Dragon	610	90	95	105	165	110	45
0.8402909628590389	Xerneas	Fairy		680	126	131	95	131	98	99
0.8401814739617021	Terrakion	Rock	Fighting	580	91	129	90	72	90	108
0.8393015019984893	Tirtouga	Water	Rock	355	54	78	103	53	45	22
0.8388800041139475	HoopaHoopa Confined	Psychic	Ghost	600	80	110	60	150	130	70
0.8369474852368226	Forretress	Bug	Steel	465	75	90	140	60	60	40
0.8363804026403491	Poliwhirl	Water		385	65	65	65	50	50	90
0.8355367054506303	RotomWash Rotom	Electric	Water	520	50	65	107	105	107	86
0.8336093107217815	Latios	Dragon	Psychic	600	80	90	80	130	110	110
0.8332816297379297	RotomFrost Rotom	Electric	Ice	520	50	65	107	105	107	86
0.8288098238301083	Koffing	Poison		340	40	65	95	60	45	35
0.8269421286384371	Nidoking	Poison	Ground	505	81	102	77	85	75	85
0.8251848663549102	Kangaskhan	Normal		490	105	95	80	40	80	90
0.8225171308398754	Machoke	Fighting		405	80	100	70	50	60	45
0.8209905097315742	Relicanth	Water	Rock	485	100	90	130	45	65	55
0.8189633137326523	ThundurusTherian Forme	Electric	Flying	580	79	105	70	145	80	101
0.8177620938336118	Qwilfish	Water	Poison	430	65	95	75	55	55	85
0.8171801522453249	Uxie	Psychic		580	75	75	130	75	130	95
0.8167424688880204	GourgeistSuper Size	Ghost	Grass	494	85	100	122	58	75	54
0.8152009112462918	Victreebel	Grass	Poison	490	80	105	65	100	70	70
0.813852157970915	AerodactylMega Aerodactyl	Rock	Flying	615	80	135	85	70	95	150
0.8131330001417997	Chimecho	Psychic		425	65	50	70	95	80	65
0.8130558819949991	Heatran	Fire	Steel	600	91	90	106	130	106	77
0.8115881706353352	Altaria	Dragon	Flying	490	75	70	90	70	105	80
0.8115265279914687	Sigilyph	Psychic	Flying	490	72	58	80	103	80	97
0.8091626692777544	Umbreon	Dark		525	95	65	110	60	130	65
0.8035796080195201	Quilladin	Grass		405	61	78	95	56	58	57
0.8013231944205762	Raticate	Normal		413	55	81	60	50	70	97
0.7966930560795161	Bisharp	Dark	Steel	490	65	125	100	60	70	70
0.7955971672093081	Banette	Ghost		455	64	115	65	83	63	65
0.7893002707695613	Fraxure	Dragon		410	66	117	70	40	50	67
0.7843551340978053	Spritzee	Fairy		341	78	52	60	63	65	23
0.7831166327329255	Slaking	Normal		670	150	160	100	95	65	100
0.7829640191993589	Cherrim	Grass		450	70	60	70	87	78	85
0.7825430140700848	Talonflame	Fire	Flying	499	78	81	71	74	69	126
0.781334683215406	Sawk	Fighting		465	75	125	75	30	75	85
0.7807190014487437	Dialga	Steel	Dragon	680	100	120	120	150	100	90
0.7786553410431917	Cottonee	Grass	Fairy	280	40	27	60	37	50	66
0.778371461637973	Dragonair	Dragon		420	61	84	65	70	70	70
0.776922973875677	Graveler	Rock	Ground	390	55	95	115	45	45	35
0.7769020397552711	Meganium	Grass		525	80	82	100	83	100	80
0.7767024886380067	Pancham	Fighting		348	67	82	62	46	48	43
0.7758780477351813	HeracrossMega Heracross	Bug	Fighting	600	80	185	115	40	105	75
0.7747831001606955	Slowbro	Water	Psychic	490	95	75	110	100	80	30
0.771845364115366	Gothitelle	Psychic		490	70	55	95	95	110	65
0.7716431569505126	MewtwoMega Mewtwo Y	Psychic		780	106	150	70	194	120	140
0.7701609080143689	Drapion	Poison	Dark	500	70	90	110	60	75	95
0.7685577549117701	MeloettaAria Forme	Normal	Psychic	600	100	77	77	128	128	90
0.7676445333845161	AbsolMega Absol	Dark		565	65	150	60	115	60	115
0.7673954762133521	Swampert	Water	Ground	535	100	110	90	85	90	60
0.7672169839274828	Geodude	Rock	Ground	300	40	80	100	30	30	20
0.7662460244193491	Vigoroth	Normal		440	80	80	80	55	55	90
0.7661122247447432	Zangoose	Normal		458	73	115	60	60	60	90
0.762113220856542	Feraligatr	Water		530	85	105	100	79	83	78
0.7607831251179212	Dusknoir	Ghost		525	45	100	135	65	135	45
0.7596898882694986	BlazikenMega Blaziken	Fire	Fighting	630	80	160	80	130	80	100
0.7592656559258836	PumpkabooSmall Size	Ghost	Grass	335	44	66	70	44	55	56
0.7582322091704778	Unfezant	Normal	Flying	488	80	115	80	65	55	93
0.7580910081695885	SlowbroMega Slowbro	Water	Psychic	590	95	75	180	130	80	30
0.7545783684422563	Combusken	Fire	Fighting	405	60	85	60	85	60	55
0.7536988901868225	Dragalge	Poison	Dragon	494	65	75	90	97	123	44
0.7516199264984507	Granbull	Fairy		450	90	120	75	60	60	45
0.7508784378932202	Ariados	Bug	Poison	390	70	90	70	60	60	40
0.7507548587995865	Ambipom	Normal		482	75	100	66	60	66	115
0.7505557664623891	Hippopotas	Ground		330	68	72	78	38	42	32
0.7484760530589567	Venipede	Bug	Poison	260	30	45	59	30	39	57
0.74817555583181	Krabby	Water		325	30	105	90	25	25	50
0.7471025641845493	Ivysaur	Grass	Poison	405	60	62	63	80	80	60
0.7467145376040218	Aerodactyl	Rock	Flying	515	80	105	65	60	75	130
0.7453116134874668	Sableye	Dark	Ghost	380	50	75	75	65	65	50
0.7425924729825355	Rhydon	Ground	Rock	485	105	130	120	45	45	40
0.7413277605961204	Registeel	Steel		580	80	75	150	75	150	50
0.7370616363790385	Crobat	Poison	Flying	535	85	90	80	70	80	130
0.7347161653519767	GourgeistSmall Size	Ghost	Grass	494	55	85	122	58	75	99
0.7326335450718975	Huntail	Water		485	55	104	105	94	75	52
0.7313743190897131	Wartortle	Water		405	59	63	80	65	80	58
0.7281660208368689	Bronzor	Steel	Psychic	300	57	24	86	24	86	23
0.7196435763354551	Slakoth	Normal		280	60	60	60	35	35	30
0.7196156045125003	Servine	Grass		413	60	60	75	60	75	83
0.7184108661147607	Magmortar	Fire		540	75	95	67	125	95	83
0.7140452786043905	Blastoise	Water		530	79	83	100	85	105	78
0.7131779688827639	GourgeistAverage Size	Ghost	Grass	494	65	90	122	58	75	84
0.7120516433992258	Ferroseed	Grass	Steel	305	44	50	91	24	86	10
0.7090561893879923	Scolipede	Bug	Poison	485	60	100	89	55	69	112
0.702552447001041	Malamar	Dark	Psychic	482	86	92	88	68	75	73
0.6998392257313182	Fearow	Normal	Flying	442	65	90	65	61	61	100
0.6996670113310803	Gliscor	Ground	Flying	510	75	95	125	45	75	95
0.6995343547844293	Lapras	Water	Ice	535	130	85	80	85	95	60
0.698665179568499	Vanilluxe	Ice		535	71	95	85	110	95	79
0.6962889531639088	Hypno	Psychic		483	85	73	70	73	115	67
0.6961808800798798	KyuremBlack Kyurem	Dragon	Ice	700	125	170	100	120	90	95
0.6959758115369062	Durant	Bug	Steel	484	58	109	112	48	48	109
0.6950452837095554	Politoed	Water		500	90	75	75	90	100	70
0.6943697017564302	Zoroark	Dark		510	60	105	60	120	60	105
0.6942663481954593	KyuremWhite Kyurem	Dragon	Ice	700	125	120	90	170	100	95
0.6928530065839418	RotomFan Rotom	Electric	Flying	520	50	65	107	105	107	86
0.6927701710445462	Shieldon	Rock	Steel	350	30	42	118	42	88	30
0.6918015499963461	Roserade	Grass	Poison	515	60	70	65	125	105	90
0.6917088478002126	SwampertMega Swampert	Water	Ground	635	100	150	110	95	110	70
0.6905134157713736	Phanpy	Ground		330	90	60	60	40	40	40
0.6886742721338572	Torterra	Grass	Ground	525	95	109	105	75	85	56
0.688631142214794	Mamoswine	Ice	Ground	530	110	130	80	70	60	80
0.6869319841689375	Charizard	Fire	Flying	534	78	84	78	109	85	100
0.6866161015608228	Venomoth	Bug	Poison	450	70	65	60	90	75	90
0.6828402462156269	Yveltal	Dark	Flying	680	126	131	95	131	98	99
0.6822933178383518	SharpedoMega Sharpedo	Water	Dark	560	70	140	70	110	65	105
0.6769348507531915	CharizardMega Charizard X	Fire	Dragon	634	78	130	111	130	85	100
0.6766823602241867	KyogrePrimal Kyogre	Water		770	100	150	90	180	160	90
0.6754165435718571	Manaphy	Water		600	100	100	100	100	100	100
0.6747858636876827	PumpkabooSuper Size	Ghost	Grass	335	59	66	70	44	55	41
0.6717802777728241	Lunatone	Rock	Psychic	440	70	55	65	95	85	70
0.66955359208723	Aromatisse	Fairy		462	101	72	72	99	89	29
0.6682509336429873	CharizardMega Charizard Y	Fire	Flying	634	78	104	78	159	115	100
0.6667017233087337	Shiftry	Grass	Dark	480	90	100	60	90	60	80
0.6648779747665758	Nidorino	Poison		365	61	72	57	55	55	65
0.6642960272115391	Golem	Rock	Ground	495	80	120	130	55	65	45
0.6616959916805634	TornadusIncarnate Forme	Flying		580	79	115	70	125	80	111
0.6571968556689622	Camerupt	Fire	Ground	460	70	100	70	105	75	40
0.6543786273198645	Empoleon	Water	Steel	530	84	86	88	111	101	60
0.6537995366910978	DeoxysSpeed Forme	Psychic		600	50	95	90	95	90	180
0.6498806618038043	PumpkabooAverage Size	Ghost	Grass	335	49	66	70	44	55	51
0.6485229853957915	Swadloon	Bug	Grass	380	55	63	90	50	80	42
0.6450243738815147	Aron	Steel	Rock	330	50	70	100	40	40	30
0.6445546962503137	Avalugg	Ice		514	95	117	184	44	46	28
0.6390063277364088	Doublade	Steel	Ghost	448	59	110	150	45	49	35
0.6367076273704929	TornadusTherian Forme	Flying		580	79	100	80	110	90	121
0.6352259951784547	Galvantula	Bug	Electric	472	70	77	60	97	60	108
0.6341415188436751	Sudowoodo	Rock		410	70	100	115	30	65	30
0.6331602177369738	Vaporeon	Water		525	130	65	60	110	95	65
0.6289499168335659	Greninja	Water	Dark	530	72	95	67	103	71	122
0.6279754460077138	Kabuto	Rock	Water	355	30	80	90	55	45	55
0.6266631645274767	WormadamTrash Cloak	Bug	Steel	424	60	69	95	69	95	36
0.6232346458809004	GengarMega Gengar	Ghost	Poison	600	60	65	80	170	95	130
0.6231494962603051	Swalot	Poison		467	100	73	83	73	83	55
0.620300389352118	Cubone	Ground		320	50	50	95	40	50	35
0.6199302473185293	Clauncher	Water		330	50	53	62	58	63	44
0.6175778516680646	Throh	Fighting		465	120	100	85	30	85	45
0.6162491229403478	ManectricMega Manectric	Electric		575	70	75	80	135	80	135
0.6162033796589704	Duskull	Ghost		295	20	40	90	30	90	25
0.6154837854533423	Mr. Mime	Psychic	Fairy	460	40	45	65	100	120	90
0.6140668544516745	Zekrom	Dragon	Electric	680	100	150	120	120	100	90
0.6087530823700471	Seadra	Water		440	55	65	95	95	45	85
0.6081194046311663	HoundoomMega Houndoom	Dark	Fire	600	75	90	90	140	90	115
0.6077254147726803	Maractus	Grass		461	75	86	67	106	67	60
0.6065637074616121	ThundurusIncarnate Forme	Electric	Flying	580	79	115	70	125	80	111
0.605792912741588	Exploud	Normal		490	104	91	63	91	73	68
0.6014419314988853	SalamenceMega Salamence	Dragon	Flying	700	95	145	130	120	90	120
0.5996545303501074	Florges	Fairy		552	78	65	68	112	154	75
0.5986659310973151	Regigigas	Normal		670	110	160	110	80	110	100
0.5877275325298684	Scyther	Bug	Flying	500	70	110	80	55	80	105
0.5809828201762698	Dunsparce	Normal		415	100	70	70	65	65	45
0.5809609261103138	Gorebyss	Water		485	55	84	105	114	75	52
0.5791096518096239	Arcanine	Fire		555	90	110	80	100	80	95
0.5783300967480977	Crustle	Bug	Rock	475	70	95	125	65	75	45
0.5781297279986005	Machamp	Fighting		505	90	130	80	65	85	55
0.5765315181561786	Druddigon	Dragon		485	77	120	90	60	90	48
0.5760447657351988	Cresselia	Psychic		600	120	70	120	75	130	85
0.574635926566307	Zebstrika	Electric		497	75	100	63	80	63	116
0.5677129000491872	Simisear	Fire		498	75	98	63	98	63	101
0.5675612901132776	Sylveon	Fairy		525	95	65	65	110	130	60
0.5661125299993852	AbomasnowMega Abomasnow	Grass	Ice	594	90	132	105	132	105	30
0.5652463219583059	Mienshao	Fighting		510	65	125	60	95	60	105
0.5644028673678297	Lopunny	Normal		480	65	76	84	54	96	105
0.5620566105076462	Breloom	Grass	Fighting	460	60	130	80	60	60	70
0.5601127116210091	GiratinaOrigin Forme	Ghost	Dragon	680	150	120	100	120	100	90
0.5590998684043532	Garbodor	Poison		474	80	95	82	60	82	75
0.5565693788811864	Squirtle	Water		314	44	48	65	50	64	43
0.5548768302490128	Luxray	Electric		523	80	120	79	95	79	70
0.5535954863353754	Lairon	Steel	Rock	430	60	90	140	50	50	40
0.5522177218364563	Dusclops	Ghost		455	40	70	130	60	130	25
0.5515577261401355	Gurdurr	Fighting		405	85	105	85	40	50	40
0.5505089319229352	Pawniard	Dark	Steel	340	45	85	70	40	40	60
0.5499209808432144	Mandibuzz	Dark	Flying	510	110	65	105	55	95	80
0.5489516296603841	Furfrou	Normal		472	75	80	60	65	90	102
0.5474811430191994	Spiritomb	Ghost	Dark	485	50	92	108	92	108	35
0.545386518661902	AggronMega Aggron	Steel		630	70	140	230	60	80	50
0.5452790448961451	Hawlucha	Fighting	Flying	500	78	92	75	74	63	118
0.5412513569229944	Excadrill	Ground	Steel	508	110	135	60	50	65	88
0.5358712006469313	Froslass	Ice	Ghost	480	70	80	70	80	70	110
0.5318613554501734	Seaking	Water		450	80	92	65	65	80	68
0.5295531666737229	GroudonPrimal Groudon	Ground	Fire	770	100	180	160	150	90	90
0.5273551959201757	Shroomish	Grass		295	60	40	60	40	60	35
0.5271404356375108	Girafarig	Normal	Psychic	455	70	80	65	90	65	85
0.5256070672851908	Yamask	Ghost		303	38	30	85	55	65	30
0.52221992998569	Braixen	Fire		409	59	59	58	90	70	73
0.5190519849952578	HoopaHoopa Unbound	Psychic	Dark	680	80	160	60	170	130	80
0.5186970815399609	KangaskhanMega Kangaskhan	Normal		590	105	125	100	60	100	100
0.5185848092301691	Noivern	Flying	Dragon	535	85	70	80	97	80	123
0.5177537193648252	LatiasMega Latias	Dragon	Psychic	700	80	100	120	140	150	110
0.5120853228024032	Tyrantrum	Rock	Dragon	521	82	121	119	69	59	71
0.5106598557984918	Nincada	Bug	Ground	266	31	45	90	30	30	40
0.5062553449280219	Flygon	Ground	Dragon	520	80	100	80	80	80	100
0.5049854256669928	Cofagrigus	Ghost		483	58	50	145	95	105	30
0.5039112828239614	Simisage	Grass		498	75	98	63	98	63	101
0.5002593778246344	AlakazamMega Alakazam	Psychic		590	55	50	65	175	95	150
0.4992814799873114	Porygon-Z	Normal		535	85	80	70	135	75	90
0.49898108977966316	Metagross	Steel	Psychic	600	80	135	130	95	90	70
0.49565217420877095	Virizion	Grass	Fighting	580	91	90	72	90	129	108
0.49535805984725323	Yanmega	Bug	Flying	515	86	76	86	116	56	95
0.4946894433613729	Lilligant	Grass		480	70	60	75	110	75	90
0.49420820291881096	Croconaw	Water		405	65	80	80	59	63	58
0.49383005655799184	Regice	Ice		580	80	50	100	100	200	50
0.4922090549414866	Whirlipede	Bug	Poison	360	40	55	99	40	79	47
0.49027443546652816	Vanillish	Ice		395	51	65	65	80	75	59
0.48801324836367044	Bibarel	Normal	Water	410	79	85	60	55	60	71
0.4820298424386035	Dewgong	Water	Ice	475	90	70	80	70	95	70
0.47993731744029144	Gloom	Grass	Poison	395	60	65	70	85	75	40
0.47954832695203	Gyarados	Water	Flying	540	95	125	79	60	100	81
0.47639212661069097	Typhlosion	Fire		534	78	84	78	109	85	100
0.47304841611913984	Quagsire	Water	Ground	430	95	85	85	65	65	35
0.4708793766682787	Conkeldurr	Fighting		505	105	140	95	55	65	45
0.4696855375682686	TyranitarMega Tyranitar	Rock	Dark	700	100	164	150	95	120	71
0.4669642406742567	Turtwig	Grass		318	55	68	64	45	55	31
0.46656406181338395	Cinccino	Normal		470	75	95	60	65	60	115
0.4607255748606417	Togetic	Fairy	Flying	405	55	40	85	80	105	40
0.4600871260720849	Pupitar	Rock	Ground	410	70	84	70	65	70	51
0.45921132652734264	Shelgon	Dragon		420	65	95	100	60	50	50
0.45880173688159875	KeldeoResolute Forme	Water	Fighting	580	91	72	90	129	90	108
0.4555501801910061	Starmie	Water	Psychic	520	60	75	85	100	85	115
0.45484637680410356	Masquerain	Bug	Flying	414	70	60	62	80	82	60
0.45222317827969893	Pinsir	Bug		500	65	125	100	55	70	85
0.44771973223466976	Gardevoir	Psychic	Fairy	518	68	65	65	125	115	80
0.44689100523306147	Mismagius	Ghost		495	60	60	60	105	105	105
0.44680424373652783	Braviary	Normal	Flying	510	100	123	75	57	75	80
0.44666156801571577	Sceptile	Grass		530	70	85	65	105	85	120
0.4466363399032105	Linoone	Normal		420	78	70	61	50	61	100
0.4439538320461279	Mesprit	Psychic		580	80	105	105	105	105	80
0.43843148511218755	Donphan	Ground		500	90	120	120	60	60	50
0.4381574392420894	Rampardos	Rock		495	97	165	60	65	50	58
0.4381374454606676	Hariyama	Fighting		474	144	120	60	40	60	50
0.4375436795983102	WormadamPlant Cloak	Bug	Grass	424	60	59	85	79	105	36
0.43340813399503175	Rhyhorn	Ground	Rock	345	80	85	95	30	30	25
0.4332187454659231	Persian	Normal		440	65	70	60	65	65	115
0.43253005431598335	Delphox	Fire	Psychic	534	75	69	72	114	100	104
0.43176550909293465	Serperior	Grass		528	75	75	95	75	95	113
0.43093006635348696	Celebi	Psychic	Grass	600	100	100	100	100	100	100
0.4251451153581063	Simipour	Water		498	75	98	63	98	63	101
0.41521790955683224	Salamence	Dragon	Flying	600	95	135	80	110	80	100
0.41131748166426874	Garchomp	Dragon	Ground	600	108	130	95	80	85	102
0.4092928969907337	Kabutops	Rock	Water	495	60	115	105	65	70	80
0.40812585895696885	Staraptor	Normal	Flying	485	85	120	70	50	60	100
0.4050559508602616	Carracosta	Water	Rock	495	74	108	133	83	65	32
0.4037252683857081	Seviper	Poison		458	73	100	60	100	60	65
0.4031363414745912	Kyogre	Water		670	100	100	90	150	140	90
0.40167412733953534	Torkoal	Fire		470	70	85	140	85	70	20
0.39841522757764125	Shuckle	Bug	Rock	505	20	10	230	10	230	5
0.3972732109106366	Horsea	Water		295	30	40	70	70	25	60
0.3971909782654123	Bouffalant	Normal		490	95	110	95	40	95	55
0.3826191740074659	GalladeMega Gallade	Psychic	Fighting	618	68	165	95	65	115	110
0.3807610949670974	Blaziken	Fire	Fighting	530	80	120	70	110	70	80
0.38030174168127273	AudinoMega Audino	Normal	Fairy	545	103	60	126	80	126	50
0.3782354892879405	MeloettaPirouette Forme	Normal	Fighting	600	100	128	90	77	77	128
0.37678905833266263	Diancie	Rock	Fairy	600	50	100	150	100	150	50
0.3756829446133918	RayquazaMega Rayquaza	Dragon	Flying	780	105	180	100	180	100	115
0.37498129104236544	Beheeyem	Psychic		485	75	75	75	125	95	40
0.3701835033094757	Lucario	Fighting	Steel	525	70	110	70	115	70	90
0.3631607412810226	Cobalion	Steel	Fighting	580	91	90	129	90	72	108
0.36227550889382687	LucarioMega Lucario	Fighting	Steel	625	70	145	88	140	70	112
0.36116978534959965	Castform	Normal		420	70	70	70	70	70	70
0.3593472558102653	Zweilous	Dark	Dragon	420	72	85	70	65	70	58
0.3585364635418963	Axew	Dragon		320	46	87	60	30	40	57
0.3583408693102943	Rapidash	Fire		500	65	100	70	80	80	105
0.3554375281209745	Cradily	Rock	Grass	495	86	81	97	81	107	43
0.35052247903572264	Trevenant	Ghost	Grass	474	85	110	76	65	82	56
0.3487926763523884	SceptileMega Sceptile	Grass	Dragon	630	70	110	75	145	85	145
0.3470999793347086	Carbink	Rock	Fairy	500	50	50	150	50	150	50
0.3460065787139095	Togepi	Fairy		245	35	20	65	40	65	20
0.3450026161438232	Klefki	Steel	Fairy	470	57	80	91	80	87	75
0.3433113442427278	Claydol	Ground	Psychic	500	60	70	105	70	120	75
0.3392219392974488	Sealeo	Ice	Water	410	90	60	70	75	70	45
0.3351920247247838	Snorlax	Normal		540	160	110	65	65	110	30
0.3350023836362612	Scizor	Bug	Steel	500	70	130	100	55	80	65
0.3349503594649782	GourgeistLarge Size	Ghost	Grass	494	75	95	122	58	75	69
0.33316012112802473	Heracross	Bug	Fighting	500	80	125	75	40	95	85
0.3323156265452112	MewtwoMega Mewtwo X	Psychic	Fighting	780	106	190	100	154	100	130
0.33068374245728205	Electivire	Electric		540	75	123	67	95	85	95
0.3300794688407629	Haxorus	Dragon		540	76	147	90	60	70	97
0.3263440171653128	Probopass	Rock	Steel	525	60	55	145	75	150	40
0.3247751543718357	Chandelure	Ghost	Fire	520	60	55	90	145	90	80
0.32448095528448573	Swanna	Water	Flying	473	75	87	63	87	63	98
0.3233722110964896	Marshtomp	Water	Ground	405	70	85	70	60	70	50
0.32229825739320295	Grotle	Grass		405	75	89	85	55	65	36
0.32089273220269365	Whimsicott	Grass	Fairy	480	60	67	85	77	75	116
0.3202142218333184	Porygon2	Normal		515	85	80	90	105	95	60
0.3183960831411208	Armaldo	Rock	Bug	495	75	125	100	70	80	45
0.31479354572172247	Exeggutor	Grass	Psychic	520	95	95	85	125	65	55
0.3142997833396336	AegislashShield Forme	Steel	Ghost	520	60	50	150	50	150	60
0.31429583424036	Ludicolo	Water	Grass	480	80	70	70	90	100	70
0.31318025566626295	LatiosMega Latios	Dragon	Psychic	700	80	130	100	160	120	110
0.31259938004089327	Clefable	Fairy		483	95	70	73	95	90	60
0.31055663031880776	Kecleon	Normal		440	60	90	70	60	120	40
0.3101169684629752	Prinplup	Water		405	64	66	68	81	76	50
0.3087961383672193	Tangrowth	Grass		535	100	100	125	110	50	50
0.3086019200867681	Magnemite	Electric	Steel	325	25	35	70	95	55	45
0.3035856821630608	Hippowdon	Ground		525	108	112	118	68	72	47
0.302057196262153	Infernape	Fire	Fighting	534	76	104	71	104	71	108
0.30191965645430485	Groudon	Ground		670	100	150	140	100	90	90
0.3015080143998137	Victini	Psychic	Fire	600	100	100	100	100	100	100
0.29409877317307065	Sandshrew	Ground		300	50	75	85	20	30	40
0.29275420392400686	Archeops	Rock	Flying	567	75	140	65	112	65	110
0.2923882702788959	Darkrai	Dark		600	70	90	90	135	90	125
0.29022673161467005	Mew	Psychic		600	100	100	100	100	100	100
0.28544017777774544	Skuntank	Poison	Dark	479	103	93	67	71	61	84
0.2831193440875346	Samurott	Water		528	95	100	85	108	70	70
0.2811059190159363	Clamperl	Water		345	35	64	85	74	55	32
0.2799014466677582	Phione	Water		480	80	80	80	80	80	80
0.2796493112192586	WormadamSandy Cloak	Bug	Ground	424	60	79	105	59	85	36
0.2777279099531672	MedichamMega Medicham	Fighting	Psychic	510	60	100	85	80	85	100
0.2746589918082972	RotomHeat Rotom	Electric	Fire	520	50	65	107	105	107	86
0.27462050361351986	Togekiss	Fairy	Flying	545	85	50	95	120	115	80
0.27451122531422556	Sandslash	Ground		450	75	100	110	45	55	65
0.2739309482631693	Mightyena	Dark		420	70	90	70	60	60	70
0.2692963789651496	GiratinaAltered Forme	Ghost	Dragon	680	150	100	120	100	120	90
0.26826180050105763	GarchompMega Garchomp	Dragon	Ground	700	108	170	115	120	95	92
0.267295966731777	Entei	Fire		580	115	115	85	90	75	100
0.26629623595566554	Skrelp	Poison	Water	320	50	60	60	60	60	30
0.2619826828032308	Rayquaza	Dragon	Flying	680	105	150	90	150	90	95
0.2618304941531183	Gothorita	Psychic		390	60	45	70	75	85	55
0.25937385710887984	Beartic	Ice		485	95	110	80	70	80	50
0.25857063420326976	Wobbuffet	Psychic		405	190	33	58	33	58	33
0.25758729498878286	Musharna	Psychic		487	116	55	85	107	95	29
0.255490261496072	Delcatty	Normal		380	70	65	65	55	55	70
0.2504121760738045	Tauros	Normal		490	75	100	95	40	70	110
0.24773938550580588	Corphish	Water		308	43	80	65	50	35	35
0.24773698680865608	Steelix	Steel	Ground	510	75	85	200	55	65	30
0.24597261687251726	Shellder	Water		305	30	65	100	45	25	40
0.242755649584539	VenusaurMega Venusaur	Grass	Poison	625	80	100	123	122	120	80
0.24128472179701055	Dragonite	Dragon	Flying	600	91	134	95	100	100	80
0.24117427416413884	Mewtwo	Psychic		680	106	110	90	154	90	130
0.24048438929276006	Escavalier	Bug	Steel	495	70	135	105	60	105	20
0.23930286619373264	Shelmet	Bug		305	50	40	85	40	65	25
0.23560805490993808	Gastrodon	Water	Ground	475	111	83	68	92	82	39
0.23496458648528473	Leavanny	Bug	Grass	500	75	103	80	70	80	92
0.23323064206123145	Lanturn	Water	Electric	460	125	58	58	76	76	67
0.23289029165868258	Chespin	Grass		313	56	61	65	48	45	38
0.22593464424027077	Bonsly	Rock		290	50	80	95	10	45	10
0.22477003049598587	BlastoiseMega Blastoise	Water		630	79	103	120	135	115	78
0.2247563915441586	Amoonguss	Grass	Poison	464	114	85	70	85	80	30
0.22419439578328004	Tangela	Grass		435	65	55	115	100	40	60
0.22365913784503522	Magnezone	Electric	Steel	535	70	70	115	130	90	60
0.22020173953846922	Pidgeot	Normal	Flying	479	83	80	75	70	70	101
0.21821255997889255	Klang	Steel		440	60	80	95	70	85	50
0.21590260065978406	Espeon	Psychic		525	65	65	60	130	95	110
0.21586090191412743	Abomasnow	Grass	Ice	494	90	92	75	92	85	60
0.2152665849499844	Milotic	Water		540	95	60	79	100	125	81
0.21510406684731953	Finneon	Water		330	49	49	56	49	61	66
0.21413522348824932	Dustox	Bug	Poison	385	60	50	70	50	90	65
0.21311840509915114	Medicham	Fighting	Psychic	410	60	60	75	60	75	80
0.21227905736698371	Whiscash	Water	Ground	468	110	78	73	76	71	60
0.21158508381619867	Jellicent	Water	Ghost	480	100	60	70	85	105	60
0.2095185975599868	Metang	Steel	Psychic	420	60	75	100	55	80	50
0.20928510488549568	Leafeon	Grass		525	65	110	130	60	65	95
0.20565598525111817	DarmanitanZen Mode	Fire	Psychic	540	105	30	105	140	105	55
0.2053957885391514	DeoxysDefense Forme	Psychic		600	50	70	160	70	160	90
0.20238693758567017	RotomMow Rotom	Electric	Grass	520	50	65	107	105	107	86
0.1992999274314584	PinsirMega Pinsir	Bug	Flying	600	65	155	120	65	90	105
0.19740496981332567	Gogoat	Grass		531	123	100	62	97	81	68
0.19085453543777242	Charmeleon	Fire		405	58	64	58	80	65	80
0.19023205003465893	Dewott	Water		413	75	75	60	83	60	60
0.18819331580777188	Lumineon	Water		460	69	69	76	69	86	91
0.18751799345182885	Bayleef	Grass		405	60	62	80	63	80	60
0.18748944699151293	Pineco	Bug		290	50	65	90	35	35	15
0.18699204884849485	LandorusTherian Forme	Ground	Flying	600	89	145	90	105	80	91
0.18631584812354396	Cacturne	Grass	Dark	475	70	115	60	115	60	55
0.1853377759679865	Alomomola	Water		470	165	75	80	40	45	65
0.18502036578197056	Hitmonchan	Fighting		455	50	105	79	35	110	76
0.18041710535638877	GyaradosMega Gyarados	Water	Dark	640	95	155	109	70	130	81
0.1794495370900835	Gabite	Dragon	Ground	410	68	90	65	50	55	82
0.17687491237929598	Azelf	Psychic		580	75	125	70	125	70	115
0.17334962693529588	Magcargo	Fire	Rock	410	50	50	120	80	80	30
0.17277643983610425	Crawdaunt	Water	Dark	468	63	120	85	90	55	55
0.17260007044457515	Slurpuff	Fairy		480	82	80	86	85	75	72
0.16773242457751036	Slowking	Water	Psychic	490	95	75	80	100	110	30
0.16522950440542095	Gigalith	Rock		515	85	135	130	60	80	25
0.1610763240202362	Chesnaught	Grass	Fighting	530	88	107	122	74	75	64
0.1608985920596423	Vespiquen	Bug	Flying	474	70	80	102	80	102	40
0.1569838285345143	Walrein	Ice	Water	530	110	80	90	95	90	65
0.15585182408254772	Binacle	Rock	Water	306	42	52	67	39	56	50
0.15504026267588888	Jolteon	Electric		525	65	65	60	110	95	130
0.15444030787226604	Klink	Steel		300	40	55	70	45	60	30
0.1492184232738928	Mawile	Steel	Fairy	380	50	85	85	55	55	50
0.14648928328898292	Swellow	Normal	Flying	430	60	85	60	50	50	125
0.14572146283731913	Pyroar	Fire	Normal	507	86	68	72	109	66	106
0.1456912117496293	PidgeotMega Pidgeot	Normal	Flying	579	83	80	80	135	80	121
0.14335279252557842	Manectric	Electric		475	70	75	60	105	60	105
0.1417372404022581	Ursaring	Normal		500	90	130	75	75	75	55
0.14021526445148347	Stunfisk	Ground	Electric	471	109	66	84	81	99	32
0.1396251303395103	Bellossom	Grass		490	75	80	95	90	100	50
0.13898471057385553	Tyrunt	Rock	Dragon	362	58	89	77	45	45	48
0.13866302367258876	Roggenrola	Rock		280	55	75	85	25	25	15
0.13506622398578483	Lileep	Rock	Grass	355	66	41	77	61	87	23
0.13425913155504943	Vullaby	Dark	Flying	370	70	55	75	45	65	60
0.13263717715225998	Glaceon	Ice		525	65	60	110	130	95	65
0.1304757925492781	Honedge	Steel	Ghost	325	45	80	100	35	37	28
0.13009521012570668	Pelipper	Water	Flying	430	60	50	100	85	70	65
0.12942690071332408	Kyurem	Dragon	Ice	660	125	130	90	130	90	95
0.12496359218417197	Carnivine	Grass		454	74	100	72	90	72	46
0.12151416025597706	Swablu	Normal	Flying	310	45	40	60	40	75	50
0.11802084204382557	Absol	Dark		465	65	130	60	75	60	75
0.11456673799417338	Tropius	Grass	Flying	460	99	68	83	72	87	51
0.1120088307950522	Clawitzer	Water		500	71	73	88	120	89	59
0.1116320209073075	Corsola	Water	Rock	380	55	55	85	65	85	35
0.10747741405802824	Lugia	Psychic	Flying	680	106	90	130	90	154	110
0.10699845163385413	Rotom	Electric	Ghost	440	50	50	77	95	77	91
0.10678940283146954	Jirachi	Steel	Psychic	600	100	100	100	100	100	100
0.10517119148408605	Skorupi	Poison	Bug	330	40	50	90	30	55	65
0.10482233774297667	Venusaur	Grass	Poison	525	80	82	83	100	100	80
0.10234879468124591	Scraggy	Dark	Fighting	348	50	75	70	35	70	48
0.1013056804732726	ShayminSky Forme	Grass	Flying	600	100	103	75	120	75	127
0.100569873643517	Regirock	Rock		580	80	100	200	50	100	50
0.10000266106556144	Reuniclus	Psychic		490	110	65	75	125	85	30
0.09863863449420474	Bergmite	Ice		304	55	69	85	32	35	28
0.09408906804794281	Nidoqueen	Poison	Ground	505	90	92	87	75	85	76
0.09393824414326768	Nosepass	Rock		375	30	45	135	45	90	30
0.0921871607933763	Volcanion	Fire	Water	600	80	110	120	130	90	70
0.09043336743321961	Grumpig	Psychic		470	80	45	65	90	110	80
0.090336115946819	Dedenne	Electric	Fairy	431	67	58	57	81	67	101
0.0893016436789662	Marowak	Ground		425	60	80	110	50	80	45
0.08550235244599591	Dodrio	Normal	Flying	460	60	110	70	60	60	100
0.08040033567395632	Arceus	Normal		720	120	120	120	120	120	120
0.07668954325307886	Aggron	Steel	Rock	530	70	110	180	60	60	50
0.07451709710433374	KeldeoOrdinary Forme	Water	Fighting	580	91	72	90	129	90	108
0.07430093009033889	BanetteMega Banette	Ghost		555	64	165	75	93	83	75
0.07398446617055632	Chikorita	Grass		318	45	49	65	49	65	45
0.07385076335735641	Tranquill	Normal	Flying	358	62	77	62	50	42	65
0.0727322723216477	Golbat	Poison	Flying	455	75	80	70	65	75	90
0.06963314234396623	Xatu	Psychic	Flying	470	65	75	70	95	70	95
0.06794662156318687	Omastar	Rock	Water	495	70	60	125	115	70	55
0.06682179195756632	Azumarill	Water	Fairy	420	100	50	80	60	80	50
0.0654473716817967	Articuno	Ice	Flying	580	90	85	100	95	125	85
0.0644975025042992	MetagrossMega Metagross	Steel	Psychic	700	80	145	150	105	110	110
0.06160183841531264	Tyranitar	Rock	Dark	600	100	134	110	95	100	61
0.060997861768848916	Omanyte	Rock	Water	355	35	40	100	90	55	35
0.06029058036805579	Flareon	Fire		525	65	130	60	95	110	65
0.05854244955703258	Ferrothorn	Grass	Steel	489	74	94	131	54	116	20
0.05794949163688856	ShayminLand Forme	Grass		600	100	100	100	100	100	100
0.0550876570894403	Solrock	Rock	Psychic	440	70	95	85	55	65	70
0.05475974052487331	Nidorina	Poison		365	70	62	67	55	55	56
0.05432774162562104	Muk	Poison		500	105	105	75	65	100	50
0.0513067132494851	Mantine	Water	Flying	465	65	40	70	80	140	70
0.04903672860061592	SableyeMega Sableye	Dark	Ghost	480	50	85	125	85	115	20
0.0445745301648619	Watchog	Normal		420	60	85	69	60	69	77
0.04263005450026114	Miltank	Normal		490	95	80	105	40	70	100
0.042309032194685736	Onix	Rock	Ground	385	35	45	160	30	45	70
0.041708724615166504	Pachirisu	Electric		405	60	45	70	45	90	95
0.03729514346102958	Trubbish	Poison		329	50	50	62	40	62	65
0.03470798094326655	Arbok	Poison		438	60	85	69	65	79	80
0.03194045532171064	Seismitoad	Water	Ground	509	105	95	75	85	75	74
0.02939392405473762	Slowpoke	Water	Psychic	315	90	65	65	40	40	15
0.0280026346338903	GardevoirMega Gardevoir	Psychic	Fairy	618	68	85	65	165	135	100
0.025759581924763575	Electrode	Electric		480	60	50	70	80	80	140
0.023505067683356806	Palkia	Water	Dragon	680	90	120	100	150	120	100
0.022131794342997724	Emolga	Electric	Flying	428	55	75	60	75	60	103
0.021552144146125718	Barbaracle	Rock	Water	500	72	105	115	54	86	68
0.021432342342533772	Purugly	Normal		452	71	82	64	64	59	112
0.017539232018371598	Octillery	Water		480	75	105	75	105	75	45
0.010627122921977539	Magmar	Fire		495	65	95	57	100	85	93
0.009538142762387625	Ho-oh	Fire	Flying	680	106	130	90	110	154	90
0.008207320030761522	Spinda	Normal		360	60	60	60	60	60	60
0.006486195170372855	Skarmory	Steel	Flying	465	65	80	140	40	70	70
0.006294684993521704	Basculin	Water		460	70	92	65	80	55	98
0.004396500363203493	Primeape	Fighting		455	65	105	60	60	70	95
0.0037173204395335446	Parasect	Bug	Grass	405	60	95	80	60	80	30
